Hill 0
(531,369)
(531,382)
(591,383)
(590,368)
Hill 1
(598,326)
(598,382)
(658,383)
(657,325)
Hill 2
(727,383)
(728,384)
(805,383)
(766,344)
Hill 0
(691,383)
(692,384)
(760,383)
(725,349)
Hill 0
(691,383)
(692,384)
(760,383)
(725,349)
Hill 0
(691,383)
(692,384)
(760,383)
(725,349)
Hill 0
(691,383)
(692,384)
(760,383)
(725,349)
Hill 0
(691,383)
(692,384)
(760,383)
(725,349)
Hill 0
(471,383)
(472,384)
(812,382)
(774,344)
(839,280)
(839,275)
(832,270)
(828,271)
(828,269)
(823,264)
(823,261)
(800,237)
(685,352)
(501,352)
Hill 0
(471,383)
(472,384)
(812,382)
(774,344)
(839,280)
(839,275)
(832,270)
(828,271)
(828,269)
(823,264)
(823,261)
(800,237)
(685,352)
(501,352)
Hill 0
(471,383)
(472,384)
(812,382)
(774,344)
(839,280)
(839,275)
(832,270)
(828,271)
(828,269)
(823,264)
(823,261)
(800,237)
(685,352)
(501,352)
Hill 0
(691,383)
(692,384)
(760,383)
(725,349)
Hill 0
(691,383)
(692,384)
(760,383)
(725,349)
Hill 0
(691,383)
(692,384)
(760,383)
(725,349)
Hill 0
(691,383)
(692,384)
(760,383)
(725,349)
Hill 0
(691,383)
(692,384)
(760,383)
(725,349)
Hill 0
(691,383)
(692,384)
(760,383)
(725,349)
Hill 0
(691,383)
(692,384)
(760,383)
(725,349)
Hill 0
(691,383)
(692,384)
(760,383)
(725,349)
Hill 0
(691,383)
(692,384)
(760,383)
(725,349)
Hill 0
(691,383)
(692,384)
(760,383)
(725,349)
Hill 0
(691,383)
(692,384)
(760,383)
(725,349)
Hill 0
(478,359)
(501,385)
(525,392)
(537,392)
(539,391)
(558,382)
(571,369)
(573,360)
(511,365)
(483,360)
Hill 0
(691,383)
(692,384)
(760,383)
(725,349)
Hill 0
(691,383)
(692,384)
(760,383)
(725,349)
Hill 0
(691,383)
(692,384)
(760,383)
(725,349)
Hill 0
(691,383)
(692,384)
(760,383)
(725,349)
Hill 0
(691,383)
(692,384)
(760,383)
(725,349)
Hill 0
(691,383)
(692,384)
(760,383)
(725,349)
Hill 0
(478,357)
(493,377)
(520,390)
(547,386)
(571,367)
(573,358)
(509,363)
Hill 0
(691,383)
(692,384)
(760,383)
(725,349)
Hill 0
(691,383)
(692,384)
(760,383)
(725,349)
Hill 0
(691,383)
(692,384)
(760,383)
(725,349)
Hill 0
(691,383)
(692,384)
(760,383)
(725,349)
Hill 0
(691,383)
(692,384)
(760,383)
(725,349)
Hill 0
(691,383)
(692,384)
(760,383)
(725,349)
Hill 0
(506,383)
(507,384)
(647,383)
(626,362)
(528,361)
Hill 0
(691,383)
(692,384)
(760,383)
(725,349)
Hill 0
(691,383)
(692,384)
(760,383)
(725,349)
Hill 0
(7,479)
(11,477)
(64,479)
(70,476)
(70,479)
(210,479)
(220,476)
(222,479)
(280,479)
(281,475)
(293,469)
(297,470)
(300,474)
(298,479)
(308,479)
(312,474)
(316,473)
(318,479)
(466,479)
(469,473)
(471,476)
(470,479)
(620,479)
(619,434)
(486,436)
(485,446)
(477,443)
(482,436)
(48,431)
Hill 1
(423,399)
(424,400)
(620,404)
(619,398)
(520,397)
(518,398)
Hill 2
(478,358)
(489,374)
(500,383)
(525,391)
(544,389)
(567,372)
(572,359)
(518,364)
Hill 0
(691,383)
(692,384)
(760,383)
(725,349)
Hill 0
(691,383)
(692,384)
(760,383)
(725,349)
Hill 0
(691,383)
(692,384)
(760,383)
(725,349)
Hill 0
(691,383)
(692,384)
(760,383)
(725,349)
Hill 0
(691,383)
(692,384)
(760,383)
(725,349)
Hill 0
(691,383)
(692,384)
(760,383)
(725,349)
Hill 0
(691,383)
(692,384)
(760,383)
(725,349)
Hill 0
(691,383)
(692,384)
(760,383)
(725,349)
Hill 0
(691,383)
(692,384)
(760,383)
(725,349)
Hill 0
(691,383)
(692,384)
(760,383)
(725,349)
Hill 0
(691,383)
(692,384)
(760,383)
(725,349)
Hill 0
(691,383)
(692,384)
(760,383)
(725,349)
Hill 0
(691,383)
(692,384)
(760,383)
(725,349)
Hill 0
(691,383)
(692,384)
(760,383)
(725,349)
Hill 0
(691,383)
(692,384)
(760,383)
(725,349)
Hill 0
(691,383)
(692,384)
(760,383)
(725,349)
Hill 0
(691,383)
(692,384)
(760,383)
(725,349)
Hill 0
(691,383)
(692,384)
(760,383)
(725,349)
Hill 0
(691,383)
(692,384)
(760,383)
(725,349)
Hill 0
(691,383)
(692,384)
(760,383)
(725,349)
Hill 0
(691,383)
(692,384)
(760,383)
(725,349)
Hill 0
(691,383)
(692,384)
(760,383)
(725,349)
Hill 0
(691,383)
(692,384)
(760,383)
(725,349)
Hill 0
(691,383)
(692,384)
(760,383)
(725,349)
Hill 0
(691,383)
(692,384)
(760,383)
(725,349)
Hill 0
(691,383)
(692,384)
(760,383)
(725,349)
Hill 0
(691,383)
(692,384)
(760,383)
(725,349)
Hill 0
(691,383)
(692,384)
(760,383)
(725,349)
Hill 0
(691,383)
(692,384)
(760,383)
(725,349)
Hill 0
(691,383)
(692,384)
(760,383)
(725,349)
Hill 0
(691,383)
(692,384)
(760,383)
(725,349)
Hill 0
(691,383)
(692,384)
(760,383)
(725,349)
Hill 0
(691,383)
(692,384)
(760,383)
(725,349)
Hill 0
(691,383)
(692,384)
(760,383)
(725,349)
Hill 0
(691,383)
(692,384)
(760,383)
(725,349)
Hill 0
(691,383)
(692,384)
(760,383)
(725,349)
Hill 0
(691,383)
(692,384)
(760,383)
(725,349)
Hill 0
(691,383)
(692,384)
(760,383)
(725,349)
Hill 0
(691,383)
(692,384)
(760,383)
(725,349)
Hill 0
(691,383)
(692,384)
(760,383)
(725,349)
Hill 0
(691,383)
(692,384)
(760,383)
(725,349)
Hill 0
(691,383)
(692,384)
(760,383)
(725,349)
Hill 0
(691,383)
(692,384)
(760,383)
(725,349)
Hill 0
(691,383)
(692,384)
(760,383)
(725,349)
Hill 0
(691,383)
(692,384)
(760,383)
(725,349)
Hill 0
(691,383)
(692,384)
(760,383)
(725,349)
Hill 0
(691,383)
(692,384)
(760,383)
(725,349)
Hill 0
(691,383)
(692,384)
(760,383)
(725,349)
Hill 0
(691,383)
(692,384)
(760,383)
(725,349)
Hill 0
(691,383)
(692,384)
(760,383)
(725,349)
Hill 0
(691,383)
(692,384)
(760,383)
(725,349)
Hill 0
(691,383)
(692,384)
(760,383)
(725,349)
Hill 0
(691,383)
(692,384)
(760,383)
(725,349)
Hill 0
(691,383)
(692,384)
(760,383)
(725,349)
Hill 0
(691,383)
(692,384)
(760,383)
(725,349)
Hill 0
(691,383)
(692,384)
(760,383)
(725,349)
Hill 0
(691,383)
(692,384)
(760,383)
(725,349)
Hill 0
(691,383)
(692,384)
(760,383)
(725,349)
Hill 0
(691,383)
(692,384)
(760,383)
(725,349)
Hill 0
(691,383)
(692,384)
(760,383)
(725,349)
Hill 0
(691,383)
(692,384)
(760,383)
(725,349)
Hill 0
(691,383)
(692,384)
(760,383)
(725,349)
Hill 0
(691,383)
(692,384)
(760,383)
(725,349)
Hill 0
(691,383)
(692,384)
(760,383)
(725,349)
Hill 0
(691,383)
(692,384)
(760,383)
(725,349)
Hill 0
(691,383)
(692,384)
(760,383)
(725,349)
Hill 0
(691,383)
(692,384)
(760,383)
(725,349)
Hill 0
(691,383)
(692,384)
(760,383)
(725,349)
Hill 0
(471,383)
(472,384)
(812,382)
(774,344)
(839,280)
(839,275)
(832,270)
(828,271)
(828,269)
(823,264)
(823,261)
(800,237)
(685,352)
(501,352)
Hill 0
(471,383)
(472,384)
(812,382)
(774,344)
(839,280)
(839,275)
(832,270)
(828,271)
(828,269)
(823,264)
(823,261)
(800,237)
(685,352)
(501,352)
Hill 0
(471,383)
(472,384)
(812,382)
(774,344)
(839,280)
(839,275)
(832,270)
(828,271)
(828,269)
(823,264)
(823,261)
(800,237)
(685,352)
(501,352)
Hill 0
(471,383)
(472,384)
(812,382)
(774,344)
(839,280)
(839,275)
(832,270)
(828,271)
(828,269)
(823,264)
(823,261)
(800,237)
(685,352)
(501,352)
Hill 0
(471,383)
(472,384)
(812,382)
(774,344)
(839,280)
(839,275)
(832,270)
(828,271)
(828,269)
(823,264)
(823,261)
(800,237)
(685,352)
(501,352)
Hill 0
(471,383)
(472,384)
(812,382)
(774,344)
(839,280)
(839,275)
(832,270)
(828,271)
(828,269)
(823,264)
(823,261)
(800,237)
(685,352)
(501,352)
Hill 0
(506,383)
(507,384)
(647,383)
(626,362)
(528,361)
Hill 0
(506,383)
(507,384)
(647,383)
(626,362)
(528,361)
Hill 0
(506,383)
(507,384)
(647,383)
(626,362)
(528,361)
Hill 0
(506,383)
(507,384)
(647,383)
(626,362)
(528,361)
Hill 0
(506,383)
(507,384)
(647,383)
(626,362)
(528,361)
Hill 0
(506,383)
(507,384)
(647,383)
(626,362)
(528,361)
Hill 0
(506,383)
(507,384)
(647,383)
(626,362)
(528,361)
Hill 0
(506,383)
(507,384)
(647,383)
(626,362)
(528,361)
Hill 0
(506,383)
(507,384)
(647,383)
(626,362)
(528,361)
Hill 0
(506,383)
(507,384)
(647,383)
(626,362)
(528,361)
Hill 0
(506,383)
(507,384)
(647,383)
(626,362)
(528,361)
Hill 0
(506,383)
(507,384)
(647,383)
(626,362)
(528,361)
Hill 0
(506,383)
(507,384)
(647,383)
(626,362)
(528,361)
Hill 0
(506,383)
(507,384)
(647,383)
(626,362)
(528,361)
Hill 0
(506,383)
(507,384)
(647,383)
(626,362)
(528,361)
Hill 0
(506,383)
(507,384)
(647,383)
(626,362)
(528,361)
Hill 0
(506,383)
(507,384)
(647,383)
(626,362)
(528,361)
Hill 0
(506,383)
(507,384)
(647,383)
(626,362)
(528,361)
Hill 0
(506,383)
(507,384)
(647,383)
(626,362)
(528,361)
Hill 0
(506,383)
(507,384)
(647,383)
(626,362)
(528,361)
Hill 0
(506,383)
(507,384)
(647,383)
(626,362)
(528,361)
Hill 0
(506,383)
(507,384)
(647,383)
(626,362)
(528,361)
Hill 0
(506,383)
(507,384)
(647,383)
(626,362)
(528,361)
Hill 0
(506,383)
(507,384)
(647,383)
(626,362)
(528,361)
Hill 0
(506,383)
(507,384)
(647,383)
(626,362)
(528,361)
Hill 0
(506,383)
(507,384)
(647,383)
(626,362)
(528,361)
Hill 0
(691,383)
(692,384)
(760,383)
(725,349)
Hill 0
(506,383)
(507,384)
(647,383)
(626,362)
(528,361)
Hill 0
(506,383)
(507,384)
(647,383)
(626,362)
(528,361)
Hill 0
(647,344)
(647,361)
(721,362)
(720,343)
Hill 1
(729,292)
(729,361)
(802,362)
(801,291)
Hill 0
(514,374)
(515,375)
(839,375)
(839,249)
(832,256)
(830,272)
(823,265)
(747,341)
(546,341)
Hill 0
(497,383)
(498,384)
(674,383)
(639,346)
(535,345)
Hill 0
(497,383)
(498,384)
(674,383)
(639,346)
(535,345)
Hill 0
(497,383)
(498,384)
(674,383)
(639,346)
(535,345)
Hill 0
(497,383)
(498,384)
(674,383)
(639,346)
(535,345)
Hill 0
(497,383)
(498,384)
(674,383)
(639,346)
(535,345)
Hill 0
(691,383)
(692,384)
(760,383)
(725,349)
Hill 0
(691,383)
(692,384)
(760,383)
(725,349)
Hill 0
(691,383)
(692,384)
(760,383)
(725,349)
Hill 0
(691,383)
(692,384)
(760,383)
(725,349)
Hill 0
(691,383)
(692,384)
(760,383)
(725,349)
Hill 0
(691,383)
(692,384)
(760,383)
(725,349)
Hill 0
(691,383)
(692,384)
(760,383)
(725,349)
Hill 0
(691,383)
(692,384)
(760,383)
(725,349)
Hill 0
(553,360)
(553,382)
(613,383)
(612,359)
Hill 1
(673,359)
(673,382)
(733,383)
(732,358)
Hill 0
(553,360)
(553,382)
(613,383)
(612,359)
Hill 1
(673,359)
(673,382)
(733,383)
(732,358)
Hill 0
(553,360)
(553,382)
(613,383)
(612,359)
Hill 1
(673,359)
(673,382)
(733,383)
(732,358)
Hill 0
(553,360)
(553,382)
(613,383)
(612,359)
Hill 1
(673,359)
(673,382)
(733,383)
(732,358)
Hill 0
(553,360)
(553,382)
(613,383)
(612,359)
Hill 1
(673,359)
(673,382)
(733,383)
(732,358)
Hill 0
(553,360)
(553,382)
(613,383)
(612,359)
Hill 1
(673,359)
(673,382)
(733,383)
(732,358)
Hill 0
(553,360)
(553,382)
(613,383)
(612,359)
Hill 1
(673,359)
(673,382)
(733,383)
(732,358)
Hill 0
(553,360)
(553,382)
(613,383)
(612,359)
Hill 1
(673,359)
(673,382)
(733,383)
(732,358)
Hill 0
(553,360)
(553,382)
(613,383)
(612,359)
Hill 1
(673,359)
(673,382)
(733,383)
(732,358)
Hill 0
(553,360)
(553,382)
(613,383)
(612,359)
Hill 1
(673,359)
(673,382)
(733,383)
(732,358)
Hill 0
(553,360)
(553,382)
(613,383)
(612,359)
Hill 1
(673,359)
(673,382)
(733,383)
(732,358)
Hill 0
(691,383)
(692,384)
(760,383)
(725,349)
Hill 0
(691,383)
(692,384)
(760,383)
(725,349)
Hill 0
(691,383)
(692,384)
(760,383)
(725,349)
Hill 0
(691,383)
(692,384)
(760,383)
(725,349)
Hill 0
(691,383)
(692,384)
(760,383)
(725,349)
Hill 0
(691,383)
(692,384)
(760,383)
(725,349)
Hill 0
(691,383)
(692,384)
(760,383)
(725,349)
Hill 0
(691,383)
(692,384)
(760,383)
(725,349)
Hill 0
(691,383)
(692,384)
(760,383)
(725,349)
Hill 0
(691,383)
(692,384)
(760,383)
(725,349)
Hill 0
(691,383)
(692,384)
(760,383)
(725,349)
Hill 0
(691,383)
(692,384)
(760,383)
(725,349)
Hill 0
(691,383)
(692,384)
(760,383)
(725,349)
Hill 0
(691,383)
(692,384)
(760,383)
(725,349)
Hill 0
(691,383)
(692,384)
(760,383)
(725,349)
Hill 0
(691,383)
(692,384)
(760,383)
(725,349)
Hill 0
(691,383)
(692,384)
(760,383)
(725,349)
Hill 0
(691,383)
(692,384)
(760,383)
(725,349)
Hill 0
(691,383)
(692,384)
(760,383)
(725,349)
Hill 0
(691,383)
(692,384)
(760,383)
(725,349)
Hill 0
(691,383)
(692,384)
(760,383)
(725,349)
Hill 0
(691,383)
(692,384)
(760,383)
(725,349)
Hill 0
(691,383)
(692,384)
(760,383)
(725,349)
Hill 0
(691,383)
(692,384)
(760,383)
(725,349)
Hill 0
(691,383)
(692,384)
(760,383)
(725,349)
Hill 0
(691,383)
(692,384)
(760,383)
(725,349)
Hill 0
(691,383)
(692,384)
(760,383)
(725,349)
Hill 0
(691,383)
(692,384)
(760,383)
(725,349)
Hill 0
(691,383)
(692,384)
(760,383)
(725,349)
Hill 0
(691,383)
(692,384)
(760,383)
(725,349)
Hill 0
(691,383)
(692,384)
(760,383)
(725,349)
Hill 0
(691,383)
(692,384)
(760,383)
(725,349)
Hill 0
(691,383)
(692,384)
(760,383)
(725,349)
Hill 0
(471,383)
(472,384)
(812,382)
(774,344)
(839,280)
(839,275)
(832,270)
(828,271)
(828,269)
(823,264)
(823,261)
(800,237)
(685,352)
(501,352)
Hill 0
(471,383)
(472,384)
(812,382)
(774,344)
(839,280)
(839,275)
(832,270)
(828,271)
(828,269)
(823,264)
(823,261)
(800,237)
(685,352)
(501,352)
Hill 0
(471,383)
(472,384)
(812,382)
(774,344)
(839,280)
(839,275)
(832,270)
(828,271)
(828,269)
(823,264)
(823,261)
(800,237)
(685,352)
(501,352)
Hill 0
(471,383)
(472,384)
(812,382)
(774,344)
(839,280)
(839,275)
(832,270)
(828,271)
(828,269)
(823,264)
(823,261)
(800,237)
(685,352)
(501,352)
Hill 0
(471,383)
(472,384)
(812,382)
(774,344)
(839,280)
(839,275)
(832,270)
(828,271)
(828,269)
(823,264)
(823,261)
(800,237)
(685,352)
(501,352)
Hill 0
(691,383)
(692,384)
(760,383)
(725,349)
Hill 0
(691,383)
(692,384)
(760,383)
(725,349)
Hill 0
(691,383)
(692,384)
(760,383)
(725,349)
Hill 0
(691,383)
(692,384)
(760,383)
(725,349)
Hill 0
(691,383)
(692,384)
(760,383)
(725,349)
Hill 0
(691,383)
(692,384)
(760,383)
(725,349)
Hill 0
(691,383)
(692,384)
(760,383)
(725,349)
Hill 0
(691,383)
(692,384)
(760,383)
(725,349)
Hill 0
(691,383)
(692,384)
(760,383)
(725,349)
Hill 0
(691,383)
(692,384)
(760,383)
(725,349)
Hill 0
(691,383)
(692,384)
(760,383)
(725,349)
Hill 0
(691,383)
(692,384)
(760,383)
(725,349)
Hill 0
(691,383)
(692,384)
(760,383)
(725,349)
Hill 0
(691,383)
(692,384)
(760,383)
(725,349)
Hill 0
(691,383)
(692,384)
(760,383)
(725,349)
Hill 0
(691,383)
(692,384)
(760,383)
(725,349)
Hill 0
(691,383)
(692,384)
(760,383)
(725,349)
Hill 0
(691,383)
(692,384)
(760,383)
(725,349)
Hill 0
(691,383)
(692,384)
(760,383)
(725,349)
Hill 0
(691,383)
(692,384)
(760,383)
(725,349)
Hill 0
(691,383)
(692,384)
(760,383)
(725,349)
Hill 0
(691,383)
(692,384)
(760,383)
(725,349)
Hill 0
(691,383)
(692,384)
(760,383)
(725,349)
Hill 0
(691,383)
(692,384)
(760,383)
(725,349)
Hill 0
(691,383)
(692,384)
(760,383)
(725,349)
Hill 0
(691,383)
(692,384)
(760,383)
(725,349)
Hill 0
(691,383)
(692,384)
(760,383)
(725,349)
Hill 0
(691,383)
(692,384)
(760,383)
(725,349)
Hill 0
(691,383)
(692,384)
(760,383)
(725,349)
Hill 0
(691,383)
(692,384)
(760,383)
(725,349)
Hill 0
(691,383)
(692,384)
(760,383)
(725,349)
Hill 0
(691,383)
(692,384)
(760,383)
(725,349)
Hill 0
(691,383)
(692,384)
(760,383)
(725,349)
Hill 0
(691,383)
(692,384)
(760,383)
(725,349)
Hill 0
(691,383)
(692,384)
(760,383)
(725,349)
Hill 0
(691,383)
(692,384)
(760,383)
(725,349)
Hill 0
(691,383)
(692,384)
(760,383)
(725,349)
Hill 0
(691,383)
(692,384)
(760,383)
(725,349)
Hill 0
(691,383)
(692,384)
(760,383)
(725,349)
Hill 0
(691,383)
(692,384)
(760,383)
(725,349)
Hill 0
(691,383)
(692,384)
(760,383)
(725,349)
Hill 0
(691,383)
(692,384)
(760,383)
(725,349)
Hill 0
(691,383)
(692,384)
(760,383)
(725,349)
Hill 0
(691,383)
(692,384)
(760,383)
(725,349)
Hill 0
(691,383)
(692,384)
(760,383)
(725,349)
Hill 0
(691,383)
(692,384)
(760,383)
(725,349)
Hill 0
(691,383)
(692,384)
(760,383)
(725,349)
Hill 0
(691,383)
(692,384)
(760,383)
(725,349)
Hill 0
(691,383)
(692,384)
(760,383)
(725,349)
Hill 0
(728,378)
(729,379)
(801,378)
(764,342)
Hill 0
(728,378)
(729,379)
(801,378)
(764,342)
Hill 0
(728,378)
(729,379)
(801,378)
(764,342)
Hill 0
(728,378)
(729,379)
(801,378)
(764,342)
Hill 0
(728,378)
(729,379)
(801,378)
(764,342)
Hill 0
(728,378)
(729,379)
(801,378)
(764,342)
Hill 0
(728,378)
(729,379)
(801,378)
(764,342)
Hill 0
(691,383)
(692,384)
(760,383)
(725,349)
Hill 0
(691,383)
(692,384)
(760,383)
(725,349)
Hill 0
(691,383)
(692,384)
(760,383)
(725,349)
Hill 0
(691,383)
(692,384)
(760,383)
(725,349)
Hill 0
(691,383)
(692,384)
(760,383)
(725,349)
Hill 0
(691,383)
(692,384)
(760,383)
(725,349)
Hill 0
(691,383)
(692,384)
(760,383)
(725,349)
Hill 0
(691,383)
(692,384)
(760,383)
(725,349)
Hill 0
(691,383)
(692,384)
(760,383)
(725,349)
Hill 0
(691,383)
(692,384)
(760,383)
(725,349)
Hill 0
(691,383)
(692,384)
(760,383)
(725,349)
Hill 0
(691,383)
(692,384)
(760,383)
(725,349)
Hill 0
(561,366)
(561,382)
(661,383)
(660,366)
